0.008031 -0.000459 -0.184051
0.010901 -0.000860 -0.382707
0.021032 -0.003999 -0.569281
0.024734 -0.006269 -0.748633
0.029309 -0.007913 -0.961427
0.023862 -0.006683 -1.172479
0.024146 -0.006406 -1.354207
0.026292 0.005849 -1.529286
0.027754 0.002198 -1.337434
0.022596 -0.003362 -1.159826
0.037477 -0.052114 -1.202456
0.049160 -0.102437 -1.210162
0.060896 -0.156150 -1.271557
0.067354 -0.208212 -1.281027
0.083163 -0.265660 -1.282671
0.095225 -0.316664 -1.307390
0.114269 -0.371788 -1.325468
0.124556 -0.423155 -1.337810
0.142203 -0.472277 -1.326915
0.157717 -0.528334 -1.348864
0.174120 -0.578364 -1.352830
0.170554 -0.631788 -1.369820
0.191719 -0.679821 -1.359355
0.204876 -0.730720 -1.368893
0.202394 -0.787287 -1.369017
0.224807 -0.834840 -1.338133
0.226848 -0.899931 -1.341014
0.246434 -0.955503 -1.331677
0.241995 -1.005356 -1.410209
0.224507 -1.008123 -1.587723
0.235401 -1.031752 -1.794266
0.214792 -1.060984 -2.006281
0.177114 -1.079902 -2.198093
0.163716 -1.131107 -2.338673
0.127820 -1.176753 -2.377811
0.075123 -1.196790 -2.522128
0.015518 -1.205636 -2.633672
-0.036528 -1.210402 -2.661014
-0.090398 -1.219998 -2.715867
-0.138604 -1.241228 -2.754505
-0.188347 -1.263475 -2.770292
-0.244734 -1.279623 -2.776865
-0.299654 -1.276827 -2.805243
-0.349609 -1.282520 -2.820640
-0.410552 -1.274355 -2.836241
-0.464676 -1.261340 -2.860893
-0.519544 -1.261942 -2.887184
-0.570171 -1.256775 -2.901175
-0.630884 -1.242289 -2.918877
-0.683842 -1.240084 -2.930256
-0.738295 -1.240678 -2.942630
-0.796952 -1.215182 -2.962590
-0.845991 -1.205164 -2.974488
-0.905344 -1.206535 -2.979892
-0.958654 -1.219083 -2.980894
-1.023720 -1.198515 -3.003827
-1.083435 -1.176934 -3.018802
-1.138285 -1.159022 -3.028298
-1.193831 -1.158176 -3.029999
-1.249830 -1.134280 -3.049097
-1.299504 -1.126415 -3.058617
-1.352032 -1.117007 -3.076564
-1.399368 -1.144718 -3.052330
-1.443212 -1.115321 -2.982575
-1.446294 -1.121234 -2.786218
-1.501312 -1.134908 -2.627037
-1.551605 -1.149981 -2.538779
-1.607462 -1.143302 -2.462012
-1.664579 -1.145527 -2.439799
-1.723712 -1.141124 -2.431710
-1.780749 -1.144424 -2.422867
-1.834989 -1.136244 -2.435729
-1.889872 -1.152320 -2.425987
-1.942288 -1.168613 -2.430219
-1.992833 -1.182782 -2.447635
-2.041895 -1.202227 -2.461301
-2.089885 -1.229849 -2.484162
-2.142879 -1.227167 -2.493793
-2.188925 -1.256182 -2.504037
-2.228734 -1.223659 -2.537670
-2.278763 -1.244916 -2.551435
-2.326707 -1.266343 -2.561198
-2.372661 -1.289628 -2.590139
EOP
